
0.11446196024674435 0.11352821210061183 0.11399317406143344 0.2205479452054794
0.1278727165586329 0.10467920887602508 0.11511936339522547 0.2596078431372548
0.11720356408498972 0.11624745071380013 0.1167235494880546 0.22945205479452047
0.12256923983500295 0.10033767486734202 0.1103448275862069 0.25470588235294106
0.11720356408498972 0.11624745071380013 0.1167235494880546 0.2203196347031963
0.13038348082595871 0.10660877954655089 0.11730360934182592 0.26333333333333325
0.10905349794238683 0.10808973487423522 0.1085694776374189 0.20844748858447484
0.1127508854781582 0.09213699951760733 0.10140695513671355 0.25039215686274496
0.12063056888279644 0.11964649898028552 0.12013651877133107 0.22671232876712324
0.12861356932153392 0.10516160154365653 0.1157112526539278 0.26450980392156853
0.11240575736806031 0.1114887831407206 0.11194539249146757 0.2082191780821917
